11
0 62 7 71 51 62 67 69 55 117 14
62 0 57 26 18 50 91 72 74 95 48
7 57 0 64 45 54 62 63 49 110 10
71 26 64 0 21 31 77 53 61 69 58
51 18 45 21 0 34 72 55 55 84 37
62 50 54 31 34 0 45 22 30 56 53
67 91 62 77 72 45 0 27 17 72 68
69 72 63 53 55 22 27 0 19 51 65
55 74 49 61 55 30 17 19 0 70 53
117 95 110 69 84 56 72 51 70 0 109
14 48 10 58 37 53 68 65 53 109 0
