12
0 29 43 31 73 5 68 80 79 5 58 58
29 0 35 55 70 25 50 92 59 26 69 44
43 35 0 48 34 38 28 62 39 45 40 16
31 55 48 0 64 33 76 54 87 36 37 64
73 70 34 64 0 70 36 45 43 77 34 31
5 25 38 33 70 0 63 79 74 7 57 53
68 50 28 76 36 63 0 78 11 69 61 11
80 92 62 54 45 79 78 0 87 85 22 69
79 59 39 87 43 74 11 87 0 80 71 22
5 26 45 36 77 7 69 85 80 0 63 60
58 69 40 37 34 57 61 22 71 63 0 50
58 44 16 64 31 53 11 69 22 60 50 0
