13
0 67 51 9 15 67 51 21 54 54 71 44 42
67 0 61 67 83 70 47 54 42 56 42 84 73
51 61 0 43 60 104 14 60 80 88 91 94 19
9 67 43 0 18 75 44 27 60 61 76 53 33
15 83 60 18 0 77 62 34 68 66 85 47 45
67 70 104 75 77 0 95 48 28 16 32 39 104
51 47 14 44 62 95 0 54 69 79 79 89 30
21 54 60 27 34 48 54 0 33 33 50 35 56
54 42 80 60 68 28 69 33 0 14 17 48 83
54 56 88 61 66 16 79 33 14 0 25 36 89
71 42 91 76 85 32 79 50 17 25 0 62 97
44 84 94 53 47 39 89 35 48 36 62 0 86
42 73 19 33 45 104 30 56 83 89 97 86 0
