14
0 33 36 63 37 10 38 85 56 26 90 28 6 45
33 0 65 87 19 31 31 90 83 43 102 53 30 50
36 65 0 29 59 46 51 69 21 27 66 14 42 41
63 87 29 0 75 73 64 52 9 44 42 35 69 46
37 19 59 75 0 40 12 71 73 33 84 45 37 33
10 31 46 73 40 0 44 95 66 37 101 39 5 54
38 31 51 64 12 44 0 59 63 24 72 37 39 21
85 90 69 52 71 95 59 0 59 58 21 62 90 41
56 83 21 9 73 66 63 59 0 40 50 30 63 46
26 43 27 44 33 37 24 58 40 0 64 12 31 19
90 102 66 42 84 101 72 21 50 64 0 63 96 51
28 53 14 35 45 39 37 62 30 12 63 0 34 28
6 30 42 69 37 5 39 90 63 31 96 34 0 49
45 50 41 46 33 54 21 41 46 19 51 28 49 0
