15
0 57 22 56 3 90 83 79 65 64 44 92 22 47 83
57 0 36 48 59 50 38 31 39 52 29 36 54 20 36
22 36 0 51 24 69 61 57 45 48 33 70 30 25 66
56 48 51 0 55 99 86 80 84 93 21 80 36 60 44
3 59 24 55 0 93 85 81 68 67 45 94 21 50 84
90 50 69 99 93 0 13 19 26 37 79 35 97 44 76
83 38 61 86 85 13 0 6 25 39 67 24 88 36 62
79 31 57 80 81 19 6 0 25 41 61 21 83 31 56
65 39 45 84 68 26 25 25 0 15 63 47 75 24 73
64 52 48 93 67 37 39 41 15 0 72 62 79 34 87
44 29 33 21 45 79 67 61 63 72 0 64 31 38 39
92 36 70 80 94 35 24 21 47 62 64 0 91 46 45
22 54 30 36 21 97 88 83 75 79 31 91 0 53 71
47 20 25 60 50 44 36 31 24 34 38 46 53 0 56
83 36 66 44 84 76 62 56 73 87 39 45 71 56 0
