16
0 80 92 81 61 69 29 69 57 69 54 43 75 59 108 72
80 0 91 52 87 119 65 115 92 21 103 63 42 93 88 22
92 91 0 40 34 63 106 57 42 70 57 50 49 41 23 68
81 52 40 0 48 84 84 79 56 32 72 40 10 57 37 30
61 87 34 48 0 36 81 31 9 65 26 27 52 9 54 65
69 119 63 84 36 0 96 6 28 98 16 56 88 27 86 99
29 65 106 84 81 96 0 95 79 61 80 56 76 81 117 64
69 115 57 79 31 6 95 0 24 94 15 52 83 22 80 95
57 92 42 56 9 28 79 24 0 70 17 29 59 2 63 71
69 21 70 32 65 98 61 94 70 0 83 43 22 72 69 3
54 103 57 72 26 16 80 15 17 83 0 40 74 17 80 84
43 63 50 40 27 56 56 52 29 43 40 0 38 31 64 44
75 42 49 10 52 88 76 83 59 22 74 38 0 60 47 20
59 93 41 57 9 27 81 22 2 72 17 31 60 0 63 72
108 88 23 37 54 86 117 80 63 69 80 64 47 63 0 67
72 22 68 30 65 99 64 95 71 3 84 44 20 72 67 0
