20
0 23 50 39 29 52 61 17 37 45 34 28 74 9 37 52 76 58 46 66
23 0 29 58 48 62 38 9 58 51 33 34 60 32 58 66 61 76 25 55
50 29 0 78 77 70 16 33 87 78 58 46 69 57 79 95 69 105 31 70
39 58 78 0 46 29 93 49 45 75 72 32 113 30 6 70 115 66 84 104
29 48 77 46 0 71 86 45 11 31 36 53 80 26 41 25 82 29 65 68
52 62 70 29 71 0 86 53 72 96 86 27 122 47 35 96 123 94 87 116
61 38 16 93 86 86 0 45 97 82 61 62 61 70 94 101 60 114 27 64
17 9 33 49 45 53 45 0 54 54 38 25 69 24 49 66 70 74 35 64
37 58 87 45 11 72 97 54 0 39 47 59 90 32 39 25 93 22 76 78
45 51 78 75 31 96 82 54 39 0 20 73 55 48 71 24 58 41 55 42
34 33 58 72 36 86 61 38 47 20 0 61 44 41 68 42 46 57 35 33
28 34 46 32 53 27 62 25 59 73 61 0 95 27 35 78 96 81 59 89
74 60 69 113 80 122 61 69 90 55 44 95 0 83 111 79 3 96 39 13
9 32 57 30 26 47 70 24 32 48 41 27 83 0 28 51 85 54 56 74
37 58 79 6 41 35 94 49 39 71 68 35 111 28 0 64 113 60 83 101
52 66 95 70 25 96 101 66 25 24 42 78 79 51 64 0 82 17 76 66
76 61 69 115 82 123 60 70 93 58 46 96 3 85 113 82 0 99 39 16
58 76 105 66 29 94 114 74 22 41 57 81 96 54 60 17 99 0 90 83
46 25 31 84 65 87 27 35 76 55 35 59 39 56 83 76 39 90 0 39
66 55 70 104 68 116 64 64 78 42 33 89 13 74 101 66 16 83 39 0
