30
0 51 34 39 57 21 15 69 32 57 34 42 66 37 33 59 50 59 16 74 25 14 27 17 24 64 14 25 43 55
51 0 53 26 30 38 36 19 23 5 22 89 14 14 44 73 35 78 64 23 45 63 78 60 27 30 63 31 49 39
34 53 0 57 38 47 37 64 31 58 31 71 64 45 9 26 28 27 31 74 55 33 46 51 32 47 47 24 11 77
39 26 57 0 52 18 24 44 29 30 30 69 39 17 50 83 52 85 55 44 22 53 65 41 25 54 45 33 59 20
57 30 38 52 0 55 47 31 27 31 25 99 33 35 31 50 10 56 64 42 64 64 79 72 36 8 71 32 29 69
21 38 47 18 55 0 10 57 28 43 30 52 52 24 42 73 51 74 37 60 9 35 46 23 19 60 27 26 52 34
15 36 37 24 47 10 0 55 20 42 22 54 51 22 32 63 43 65 31 59 18 29 43 25 11 53 26 17 42 42
69 19 64 44 31 57 55 0 38 14 37 109 6 33 56 80 40 86 81 11 64 80 96 80 45 25 82 47 58 54
32 23 31 29 27 28 20 38 0 28 2 73 36 14 22 54 23 57 42 46 37 42 57 45 9 33 45 8 30 49
57 5 58 30 31 43 42 14 28 0 27 95 9 19 49 77 38 82 70 17 50 69 84 66 33 29 68 37 53 41
34 22 31 30 25 30 22 37 2 27 0 75 34 15 22 54 22 57 44 44 39 44 59 47 11 31 48 10 29 50
42 89 71 69 99 52 54 109 73 95 75 0 104 75 73 92 91 89 40 112 47 38 27 29 64 106 27 67 82 78
66 14 64 39 33 52 51 6 36 9 34 104 0 29 55 81 41 86 78 10 59 77 92 75 42 28 77 44 58 48
37 14 45 17 35 24 22 33 14 19 15 75 29 0 37 69 35 72 51 37 31 50 64 46 15 38 48 21 44 35
33 44 9 50 31 42 32 56 22 49 22 73 55 37 0 32 21 35 34 65 50 35 50 50 25 40 47 17 10 70
59 73 26 83 50 73 63 80 54 77 54 92 81 69 32 0 40 7 52 91 81 55 65 76 58 58 71 49 24 103
50 35 28 52 10 51 43 40 23 38 22 91 41 35 21 40 0 46 54 50 60 55 70 66 32 19 64 26 18 71
59 78 27 85 56 74 65 86 57 82 57 89 86 72 35 7 46 0 50 96 82 53 61 75 60 64 69 52 28 105
16 64 31 55 64 37 31 81 42 70 44 40 78 51 34 52 54 50 0 88 40 2 15 26 36 72 20 34 42 72
74 23 74 44 42 60 59 11 46 17 44 112 10 37 65 91 50 96 88 0 66 87 102 83 51 36 86 54 68 49
25 45 55 22 64 9 18 64 37 50 39 47 59 31 50 81 60 82 40 66 0 37 47 20 28 68 26 35 60 33
14 63 33 53 64 35 29 80 42 69 44 38 77 50 35 55 55 53 2 87 37 0 15 23 35 72 17 34 44 69
27 78 46 65 79 46 43 96 57 84 59 27 92 64 50 65 70 61 15 102 47 15 0 27 50 87 21 49 57 80
17 60 51 41 72 23 25 80 45 66 47 29 75 46 50 76 66 75 26 83 20 23 27 0 36 78 6 40 60 53
24 27 32 25 36 19 11 45 9 33 11 64 42 15 25 58 32 60 36 51 28 35 50 36 0 42 37 8 34 45
64 30 47 54 8 60 53 25 33 29 31 106 28 38 40 58 19 64 72 36 68 72 87 78 42 0 78 39 38 69
14 63 47 45 71 27 26 82 45 68 48 27 77 48 47 71 64 69 20 86 26 17 21 6 37 78 0 39 57 59
25 31 24 33 32 26 17 47 8 37 10 67 44 21 17 49 26 52 34 54 35 34 49 40 8 39 39 0 26 53
43 49 11 59 29 52 42 58 30 53 29 82 58 44 10 24 18 28 42 68 60 44 57 60 34 38 57 26 0 79
55 39 77 20 69 34 42 54 49 41 50 78 48 35 70 103 71 105 72 49 33 69 80 53 45 69 59 53 79 0
