6
0 95 90 52 41 26
95 0 10 104 78 92
90 10 0 104 69 89
52 104 104 0 88 26
41 78 69 88 0 61
26 92 89 26 61 0
