7
0 86 26 58 82 72 63
86 0 73 57 53 51 33
26 73 0 66 86 76 44
58 57 66 0 24 14 61
82 53 86 24 0 10 70
72 51 76 14 10 0 62
63 33 44 61 70 62 0
