8
0 74 48 51 22 19 26 34
74 0 26 75 66 89 50 59
48 26 0 54 44 64 24 41
51 75 54 0 68 68 39 76
22 66 44 68 0 25 33 12
19 89 64 68 25 0 44 38
26 50 24 39 33 44 0 37
34 59 41 76 12 38 37 0
