194
0 372 560 369 750 329 518 398 762 768 531 805 522 562 874 487 604 721 906 466 712 774 581 691 606 691 816 768 787 878 859 871 755 850 874 534 826 867 846 859 871 883 866 879 805 875 858 875 886 894 854 878 877 881 889 876 798 871 573 782 870 586 567 824 573 870 880 854 771 830 678 745 893 785 757 730 864 776 871 736 875 696 874 910 672 683 783 876 706 708 855 911 897 738 914 914 931 746 757 988 765 861 910 796 973 967 996 997 872 1042 827 1049 893 897 1070 1068 1085 1047 977 1148 1129 1037 1209 1219 990 993 988 1213 1173 1006 1152 1032 1209 1043 1197 1190 1082 1107 1119 1097 1154 1109 1257 1158 1118 1134 1200 1261 1141 1177 1235 1199 1194 1186 1263 1162 1211 1280 1279 1345 1222 1306 1232 1237 1296 1356 1328 1331 1283 1360 1378 1314 1325 1325 1334 1318 1364 1379 1335 1390 1383 1348 1367 1382 1428 1370 1389 1418 1419 1414 1427 1435 1459 1427
372 0 195 150 412 304 279 336 457 463 363 509 402 403 568 428 418 487 608 609 485 522 466 489 475 491 554 530 540 603 591 599 531 589 606 562 575 603 590 599 608 617 606 615 570 614 602 615 622 627 602 617 617 620 626 618 573 616 579 571 622 591 644 600 713 629 636 622 584 616 581 587 653 612 608 609 655 624 671 641 675 660 685 702 781 794 674 701 730 749 708 734 734 771 744 749 757 821 776 787 777 752 778 809 804 806 820 821 803 852 847 860 828 858 891 897 918 905 908 970 962 938 1013 1022 971 970 986 1031 1020 1034 1016 1024 1049 1034 1047 1053 1060 1060 1066 1080 1071 1083 1109 1088 1105 1105 1102 1122 1117 1108 1122 1114 1121 1124 1142 1160 1145 1176 1182 1210 1199 1200 1206 1204 1209 1238 1230 1244 1256 1263 1272 1278 1275 1275 1274 1299 1291 1294 1293 1300 1309 1322 1318 1318 1327 1326 1341 1349 1357 1365 1364 1374 1377 1395
560 195 0 232 228 399 236 398 298 303 343 353 403 377 401 460 368 383 444 703 387 400 453 410 449 413 420 416 419 455 449 453 429 453 463 611 448 464 457 461 469 475 469 474 454 475 469 476 481 484 471 479 479 481 485 482 465 482 613 473 492 623 705 490 796 503 508 503 501 511 557 523 526 535 548 566 548 559 570 610 573 661 589 593 843 856 630 613 755 781 636 642 651 796 656 663 665 863 793 676 790 700 710 820 711 718 723 723 770 745 859 753 796 838 787 797 820 823 868 863 862 879 894 902 953 951 977 920 925 1039 931 1010 949 1018 953 966 1036 1023 1025 1059 1013 1056 1014 1037 1084 1075 1034 1031 1089 1057 1045 1054 1067 1076 1060 1143 1094 1102 1113 1119 1169 1125 1174 1169 1144 1156 1158 1177 1221 1191 1194 1237 1227 1228 1221 1267 1231 1226 1250 1230 1247 1285 1270 1261 1251 1280 1293 1289 1301 1315 1307 1318 1309 1353
369 150 232 0 384 171 161 190 393 399 221 438 254 261 505 278 285 376 539 480 371 422 319 365 330 365 460 423 437 518 501 512 417 495 517 416 475 511 493 505 516 527 512 523 462 521 505 521 530 537 504 524 523 527 534 523 460 519 430 453 522 442 502 488 580 525 534 513 457 500 434 451 549 481 471 467 537 488 551 495 555 510 561 585 640 653 530 573 581 601 572 607 603 622 615 618 629 675 626 669 627 609 640 659 675 675 694 695 656 731 697 739 681 709 767 770 790 771 762 846 835 796 895 905 821 821 836 910 889 884 881 874 920 884 916 919 911 913 919 931 927 934 978 943 956 956 961 989 968 963 984 971 977 978 1006 1010 1000 1036 1042 1077 1051 1061 1058 1056 1067 1102 1089 1102 1107 1123 1133 1130 1128 1129 1129 1150 1148 1152 1146 1159 1165 1173 1172 1173 1188 1179 1195 1205 1212 1219 1220 1229 1235 1247
750 412 228 384 0 509 275 476 108 110 353 155 418 367 181 493 331 264 226 773 276 247 438 320 419 324 245 274 265 256 258 257 300 269 269 639 278 274 278 275 280 281 283 282 301 285 287 287 287 288 293 290 290 291 291 295 320 297 625 341 313 630 737 337 845 328 328 338 385 363 508 428 348 421 454 492 394 458 420 544 422 627 445 430 865 877 547 476 741 772 518 497 516 778 514 524 517 861 767 505 760 598 588 784 560 572 565 565 686 574 821 581 710 764 618 633 657 677 768 689 694 756 705 713 876 872 908 738 761 982 777 933 778 940 789 809 947 919 917 972 887 963 847 918 997 978 896 868 995 936 897 923 943 958 906 1057 972 955 970 953 1068 976 1071 1062 1006 998 1011 1035 1114 1043 1041 1123 1105 1106 1094 1162 1095 1083 1132 1084 1109 1174 1146 1129 1098 1159 1169 1152 1168 1189 1173 1184 1164 1235
329 304 399 171 509 0 236 69 485 491 211 517 193 236 589 165 282 407 613 309 396 464 253 369 277 367 508 453 474 573 552 565 436 540 566 266 512 557 534 549 561 574 555 569 487 564 545 564 576 584 540 566 566 570 578 563 477 558 291 458 554 304 341 502 410 551 563 533 443 505 355 416 573 456 428 404 539 447 544 415 548 396 546 583 477 490 460 547 441 455 527 582 568 481 585 585 602 521 490 660 494 540 585 527 644 638 667 668 563 713 563 720 586 601 741 739 756 721 670 819 801 720 880 890 706 707 713 885 846 751 828 755 882 766 871 866 798 812 821 816 845 823 932 854 840 847 886 937 857 873 917 889 889 885 944 890 908 965 967 1023 940 991 948 950 987 1037 1015 1022 999 1048 1063 1026 1031 1031 1036 1039 1061 1071 1045 1081 1079 1065 1074 1082 1115 1079 1096 1117 1120 1121 1128 1137 1153 1142
518 279 236 161 275 236 0 201 251 256 107 288 169 142 358 233 143 215 388 502 210 261 218 210 215 211 300 261 276 360 342 353 257 335 357 386 314 351 332 344 356 367 351 363 301 360 345 361 370 377 342 363 363 367 373 362 300 358 382 295 360 391 483 328 583 363 372 353 305 341 324 310 388 333 332 341 379 347 394 380 398 425 406 427 618 631 406 422 521 547 430 455 455 561 465 470 478 631 558 511 554 480 501 584 525 527 542 542 542 575 622 583 568 606 612 618 639 626 644 692 683 665 738 747 721 720 743 754 740 803 737 777 770 786 768 774 806 798 802 828 799 827 830 819 854 847 827 843 861 839 844 841 851 856 864 911 876 899 907 931 942 923 948 944 935 960 954 969 996 987 995 1014 1008 1008 1005 1041 1019 1019 1029 1024 1036 1061 1051 1047 1050 1060 1074 1077 1087 1097 1094 1104 1102 1131
398 336 398 190 476 69 201 0 440 445 150 467 124 171 538 101 219 347 560 307 335 405 183 304 208 303 450 392 413 515 494 507 372 480 507 226 451 498 474 489 501 514 495 509 424 504 484 504 516 524 479 506 505 510 518 502 413 497 242 393 492 255 313 437 398 488 500 469 376 439 287 348 509 387 359 335 472 378 476 348 480 336 477 516 451 464 392 479 395 412 458 513 499 435 515 516 533 485 441 592 443 472 516 476 575 569 598 599 499 644 513 651 523 541 672 670 687 652 606 750 732 654 811 821 649 650 659 815 777 701 760 699 812 710 802 797 740 750 759 759 780 765 863 790 783 788 820 869 798 810 850 824 825 822 876 835 845 898 901 955 882 924 890 890 922 970 949 957 940 982 996 966 969 969 973 981 997 1006 984 1015 1015 1006 1012 1019 1049 1018 1035 1053 1058 1059 1065 1074 1088 1082
762 457 298 393 108 485 251 440 0 6 299 55 357 302 112 435 258 165 151 718 179 139 364 226 341 230 137 167 156 158 155 157 196 163 168 572 169 171 171 170 176 179 178 180 192 182 181 184 186 188 186 186 187 188 190 191 212 192 551 235 207 555 668 228 780 221 222 230 281 254 418 328 242 317 353 395 285 355 311 448 313 538 336 322 790 801 446 367 656 688 411 388 408 691 405 415 409 777 678 398 669 493 481 691 452 464 457 457 583 468 727 475 607 663 511 526 549 568 662 583 588 648 604 612 773 769 806 635 654 883 669 830 673 836 682 701 842 812 810 866 778 857 740 809 892 871 788 761 888 828 788 814 834 850 798 952 863 847 861 846 961 867 964 954 897 891 903 927 1006 934 933 1015 996 998 985 1054 986 975 1024 975 1001 1066 1037 1020 990 1050 1061 1044 1060 1080 1064 1076 1055 1126
768 463 303 399 110 491 256 445 6 0 303 50 362 306 106 440 261 166 145 722 180 138 367 228 344 232 134 167 155 153 151 153 196 160 164 576 167 167 168 167 172 175 175 176 191 178 178 180 182 184 183 183 183 184 186 187 212 189 555 234 204 558 672 227 784 218 219 227 281 253 420 329 239 317 354 396 284 356 309 449 312 540 334 320 793 804 447 366 658 690 410 386 407 694 404 414 407 780 680 395 671 493 480 693 450 462 455 455 583 465 729 472 607 663 509 523 547 566 661 580 585 647 600 609 773 769 807 631 651 884 666 830 669 837 679 699 842 812 809 866 777 857 737 808 892 871 786 758 888 827 786 812 833 849 796 952 862 845 859 843 961 865 964 953 895 888 901 925 1005 932 931 1014 995 996 984 1053 984 973 1022 973 999 1065 1035 1018 987 1049 1059 1042 1058 1079 1063 1074 1053 1125
531 363 343 221 353 211 107 150 299 303 0 320 65 40 391 140 72 197 410 421 185 254 111 160 113 159 299 242 263 364 343 356 225 330 357 288 301 347 323 339 350 364 344 358 276 354 334 353 365 374 329 355 355 359 367 353 267 347 279 251 343 287 386 293 491 341 352 323 243 298 221 231 363 263 249 246 333 266 342 280 346 317 348 379 518 530 311 356 414 441 351 391 384 454 397 399 412 526 450 460 447 389 418 476 458 456 478 479 442 518 515 526 468 503 551 553 572 550 546 631 617 575 685 695 618 616 638 695 670 696 660 673 702 682 696 698 704 699 704 725 708 726 758 725 751 747 739 768 760 745 762 751 758 761 784 808 782 815 821 856 841 840 847 844 847 880 868 881 896 902 911 917 912 913 911 940 928 931 932 938 946 962 956 955 966 964 979 986 994 1002 1001 1011 1014 1034
805 509 353 438 155 517 288 467 55 50 320 0 374 317 71 451 269 155 101 733 171 112 370 220 344 224 94 142 125 103 103 103 174 114 115 580 127 119 124 120 125 126 128 127 158 130 132 132 133 135 139 135 135 136 137 140 180 142 556 207 158 558 674 192 788 174 174 187 257 218 410 309 193 291 333 379 245 332 271 433 273 529 297 277 791 801 425 331 649 682 379 348 371 683 366 377 368 772 667 350 658 465 446 678 409 422 412 412 558 419 713 426 581 639 463 478 502 525 631 534 539 611 551 560 747 742 782 583 606 861 623 803 623 809 634 655 812 779 775 837 739 826 692 771 862 839 745 713 856 790 743 773 795 812 752 922 824 802 818 798 927 822 930 918 854 843 858 883 970 889 887 977 957 958 945 1018 944 930 985 930 957 1029 997 978 943 1011 1020 1001 1017 1040 1022 1033 1010 1087
522 402 403 254 418 193 169 124 357 362 65 374 0 57 443 77 106 236 458 360 222 295 66 185 85 183 340 278 301 406 383 397 255 368 396 222 337 385 360 376 388 402 381 396 306 391 369 390 403 411 363 391 391 395 404 388 293 381 214 271 374 222 320 316 427 369 381 348 251 316 181 223 389 262 236 219 348 255 352 242 355 262 353 391 452 465 280 354 352 377 337 389 376 392 392 393 409 462 390 467 388 360 399 418 452 447 474 475 401 519 457 526 427 456 548 547 565 534 508 627 609 546 686 696 569 569 586 692 657 641 643 623 692 633 683 680 658 659 665 678 676 681 744 690 703 702 712 752 714 710 738 720 724 725 762 759 746 789 793 839 797 814 804 802 817 858 841 852 854 874 886 876 875 875 876 896 895 901 892 909 913 919 918 920 940 925 941 953 959 965 967 976 984 993
562 403 377 261 367 236 142 171 302 306 40 317 57 0 386 134 49 180 401 416 166 238 77 133 74 131 284 223 245 350 327 341 201 312 340 272 282 330 304 321 332 346 326 340 253 335 315 335 347 356 309 336 336 340 349 333 241 327 258 222 321 264 370 266 479 317 328 297 209 269 183 192 338 226 210 206 302 227 309 240 313 283 313 347 498 510 271 319 385 413 312 354 346 425 359 362 375 500 419 427 415 348 379 443 420 418 441 442 402 483 482 490 428 465 515 516 535 510 506 594 579 535 650 660 580 578 601 659 631 661 621 635 664 644 658 658 665 660 664 687 667 687 719 685 712 707 699 729 721 705 722 711 718 721 744 770 742 774 780 817 802 799 808 805 806 840 828 841 857 861 871 877 872 873 871 901 888 891 892 897 905 922 916 915 926 924 939 946 954 962 961 971 974 994
874 568 401 505 181 589 358 538 112 106 391 71 443 386 0 520 337 217 45 801 232 164 436 281 409 285 130 193 171 97 112 103 226 131 115 645 158 126 144 132 130 124 137 128 196 134 147 137 130 127 156 138 139 138 134 146 220 151 619 250 170 620 738 223 853 189 183 208 301 248 466 357 200 333 380 430 267 376 294 483 295 584 321 290 851 861 469 356 705 738 411 367 395 737 386 398 384 827 720 351 709 500 473 728 420 437 420 419 595 417 761 424 618 678 461 479 503 536 660 525 536 631 533 540 781 777 819 570 604 901 627 837 616 843 631 655 841 803 797 866 754 853 686 789 891 865 755 709 883 806 747 786 810 830 753 951 840 806 823 791 950 825 952 939 861 841 862 889 990 891 886 994 971 972 956 1038 951 935 1000 933 964 1047 1009 987 942 1024 1033 1007 1026 1051 1030 1041 1013 1101
487 428 460 278 493 165 233 101 435 440 140 451 77 134 520 0 183 310 534 282 296 369 103 255 133 252 414 350 373 480 456 471 324 440 469 152 408 457 431 448 459 473 452 467 375 462 440 461 474 482 433 462 462 466 475 458 359 451 154 335 443 165 249 381 352 436 448 414 307 378 191 269 455 311 275 243 406 295 406 250 409 236 402 446 385 397 296 398 303 325 370 432 414 344 432 431 450 404 347 516 348 375 423 380 490 482 514 515 397 563 418 569 421 440 588 584 599 559 505 664 643 555 728 739 548 549 560 729 685 606 665 600 722 610 710 703 639 649 658 659 679 664 769 689 683 687 720 774 698 708 752 724 724 720 779 736 744 799 801 859 781 825 788 789 821 872 849 857 839 883 897 864 868 868 872 880 896 906 883 915 914 905 911 918 949 916 933 952 956 958 964 973 987 981
604 418 368 285 331 282 143 219 258 261 72 269 106 49 337 183 0 130 351 463 116 188 107 87 89 86 234 173 195 300 277 291 153 262 290 314 233 280 255 271 283 296 276 291 205 286 265 285 298 306 260 287 286 291 299 284 194 277 295 178 272 300 410 220 522 269 280 251 172 225 191 168 291 195 190 199 261 205 270 241 274 303 277 307 535 547 264 288 412 442 289 322 318 450 329 333 344 530 442 388 436 337 359 463 390 390 409 410 401 448 501 455 428 470 482 485 505 487 502 562 549 522 614 624 585 583 609 625 604 675 597 641 635 650 631 635 667 657 660 690 656 688 693 676 716 707 684 704 721 696 703 698 708 714 723 774 733 757 764 793 802 781 807 802 792 819 811 826 855 845 853 872 865 866 862 900 876 876 886 882 893 919 908 904 908 917 932 934 944 955 950 960 959 989
721 487 383 376 264 407 215 347 165 166 197 155 236 180 217 310 130 0 225 586 15 58 220 64 192 68 104 47 66 170 147 161 46 133 160 428 105 150 126 142 153 167 147 161 85 157 137 156 168 177 133 158 158 162 170 156 86 150 402 90 148 403 521 113 636 149 159 137 123 130 255 164 173 159 190 230 169 194 188 283 191 375 206 215 635 646 282 230 494 527 260 258 269 529 272 280 281 616 514 300 505 336 333 527 328 335 340 341 421 367 562 375 446 500 407 416 438 439 506 486 481 503 525 535 611 608 643 545 543 718 547 669 568 675 571 582 684 659 658 708 636 700 632 664 733 716 653 648 733 683 662 675 691 703 677 793 719 719 731 736 808 742 812 803 763 772 775 795 856 808 811 868 853 854 845 903 851 844 878 847 867 918 895 883 867 907 918 909 923 940 928 939 927 982
906 608 444 539 226 613 388 560 151 145 410 101 458 401 45 534 351 225 0 811 240 167 444 286 416 290 125 192 169 72 94 81 224 115 91 652 146 104 127 113 107 97 115 102 186 109 127 111 102 97 137 113 114 111 105 120 210 127 623 241 146 624 742 208 858 164 157 187 292 231 463 350 171 321 370 423 244 364 270 474 270 579 297 261 851 861 456 332 700 734 391 340 370 731 359 371 356 822 712 315 701 481 449 718 389 406 386 386 577 380 750 386 599 660 424 442 466 503 636 485 498 602 490 497 761 755 800 528 565 883 590 816 577 820 592 618 817 776 769 842 722 828 646 758 866 838 721 670 857 775 711 753 778 799 715 926 808 770 787 751 922 787 923 909 826 802 825 853 960 854 848 963 938 939 922 1008 916 898 968 896 928 1015 976 952 904 991 999 971 990 1017 994 1005 975 1068
466 609 703 480 773 309 502 307 718 722 421 733 360 416 801 282 463 586 811 0 571 644 367 526 396 523 688 622 645 752 729 743 593 710 739 170 678 727 700 718 729 743 721 736 641 730 708 729 742 751 700 730 729 734 743 725 622 717 211 593 706 218 125 639 110 696 708 672 554 629 386 502 711 545 496 446 649 514 641 419 645 327 630 681 205 216 467 614 275 264 565 643 614 297 635 630 655 283 322 734 334 526 590 361 683 668 709 710 493 763 384 768 506 487 776 765 774 713 582 841 812 661 917 927 558 562 545 904 836 549 801 590 876 601 855 835 645 685 700 656 755 673 907 748 674 699 809 903 702 765 855 798 784 768 888 712 794 889 882 977 780 915 790 799 890 971 929 924 841 959 982 875 894 893 908 871 945 969 898 982 965 903 934 957 1026 933 953 995 991 978 999 1006 1042 983
712 485 387 371 276 396 210 335 179 180 185 171 222 166 232 296 116 15 240 571 0 73 204 49 176 53 118 57 78 184 161 175 46 146 174 413 116 163 138 154 166 180 159 174 92 169 149 169 181 189 144 171 170 174 183 167 89 161 386 87 158 388 505 117 620 157 168 143 115 131 240 152 181 151 178 216 170 183 187 269 191 360 204 217 620 630 270 226 479 512 252 255 264 514 268 276 278 601 499 302 490 326 326 512 325 331 339 339 410 368 548 375 435 488 407 414 437 435 496 486 480 495 528 537 600 596 631 546 541 706 544 657 567 664 569 579 673 650 649 697 629 690 630 656 723 706 648 646 723 675 657 669 684 696 673 783 712 715 726 734 799 737 802 794 758 769 770 790 847 803 807 859 845 846 838 894 845 839 870 842 861 909 887 876 863 899 911 903 916 933 922 933 922 974
774 522 400 422 247 464 261 405 139 138 254 112 295 238 164 369 188 58 167 644 73 0 277 118 248 122 45 29 19 111 89 102 62 76 102 484 53 93 72 85 97 110 92 105 56 101 84 101 112 120 81 103 103 107 114 102 73 97 456 96 100 457 575 92 691 106 113 103 144 117 301 196 131 179 220 268 151 220 176 321 178 419 199 193 686 697 312 229 540 573 271 252 269 573 268 278 273 663 557 276 546 355 341 566 318 328 326 327 446 345 601 353 470 527 387 399 422 433 523 463 463 509 495 504 636 631 670 520 527 749 537 693 549 699 555 571 703 673 670 728 640 718 615 671 753 732 652 634 749 689 655 677 696 711 667 813 725 714 727 721 822 735 825 815 762 761 770 792 867 802 802 876 858 859 848 915 850 841 885 842 865 927 899 884 859 912 923 908 923 943 928 939 922 988
581 466 453 319 438 253 218 183 364 367 111 370 66 77 436 103 107 220 444 367 204 277 0 159 30 155 321 255 278 385 362 376 226 344 373 209 311 361 334 351 362 377 355 370 276 365 342 363 376 385 335 365 364 368 377 360 259 353 188 232 343 192 304 279 418 335 347 312 203 274 115 166 353 208 175 153 302 195 302 176 306 207 299 342 427 439 214 297 308 337 274 331 315 348 332 332 350 425 342 413 337 294 334 366 392 385 415 416 336 462 405 469 362 393 489 486 503 469 442 566 548 479 628 639 507 506 527 632 594 585 578 562 629 572 619 615 595 593 599 616 609 617 680 624 641 639 645 687 651 644 672 653 658 658 696 697 680 722 726 773 733 748 740 737 750 791 774 785 789 808 820 811 809 809 809 833 829 835 827 842 847 855 852 854 874 859 875 886 893 899 900 910 917 928
691 489 410 365 320 369 210 304 226 228 160 220 185 133 281 255 87 64 286 526 49 118 159 0 130 4 162 96 119 226 202 217 69 185 214 365 153 202 176 193 204 218 197 212 121 207 185 206 219 227 178 207 206 211 220 203 108 196 338 91 189 339 457 133 572 184 195 164 94 138 191 114 205 125 140 172 174 149 186 224 190 311 196 221 570 581 229 212 430 462 226 244 246 465 254 260 267 552 451 304 442 291 300 465 314 317 331 332 370 366 501 374 396 446 402 407 428 418 461 482 472 468 530 540 560 557 590 545 530 662 528 617 559 624 558 565 636 616 617 660 602 654 620 627 685 671 625 633 687 647 638 643 657 666 656 745 683 695 704 721 764 718 769 761 735 752 750 767 814 783 789 828 817 818 811 861 820 817 840 821 837 877 859 851 845 870 883 879 891 905 897 907 900 944
606 475 449 330 419 277 215 208 341 344 113 344 85 74 409 133 89 192 416 396 176 248 30 130 0 126 292 225 249 356 332 347 197 314 343 236 282 331 304 322 333 347 325 341 246 335 313 333 347 355 305 335 334 338 347 330 228 323 211 202 313 214 329 249 444 304 317 282 173 244 109 139 322 180 151 136 272 170 273 167 277 214 271 313 449 460 199 270 322 352 252 305 291 361 307 307 324 441 352 385 347 279 314 374 367 362 389 390 329 435 413 443 355 391 464 462 480 448 433 542 524 465 602 613 506 504 527 607 572 589 558 561 606 570 598 596 591 586 591 613 597 613 659 613 638 633 630 667 647 633 655 640 646 649 679 696 670 707 711 754 728 732 734 731 736 774 759 771 783 793 804 803 799 800 799 827 817 821 819 828 834 848 843 843 858 851 866 874 882 890 889 899 904 921
691 491 413 365 324 367 211 303 230 232 159 224 183 131 285 252 86 68 290 523 53 122 155 4 126 0 165 99 122 229 206 220 72 188 217 362 156 205 179 196 207 221 200 215 123 210 188 208 221 230 181 210 209 214 222 205 109 199 334 91 191 335 453 134 569 186 197 166 93 139 187 111 206 123 137 168 175 146 186 220 189 307 195 221 567 577 226 210 426 458 224 243 244 461 253 258 266 548 447 304 438 288 297 461 313 315 330 330 367 365 497 373 392 443 401 406 427 416 458 481 471 465 530 540 556 553 586 544 529 658 526 613 558 621 556 563 632 613 614 656 600 650 618 624 682 668 622 631 683 644 636 640 654 663 654 741 680 692 702 720 761 716 765 758 732 751 748 765 811 781 786 825 814 815 808 857 818 815 837 819 834 874 856 848 843 867 880 876 888 902 894 904 898 941
816 554 420 460 245 508 300 450 137 134 299 94 340 284 130 414 234 104 125 688 118 45 321 162 292 165 0 67 43 65 43 57 99 34 58 527 33 51 36 44 55 66 52 62 66 60 48 60 70 77 51 63 63 66 73 64 90 62 497 120 72 498 617 97 733 85 87 93 171 123 338 227 107 203 249 300 150 246 177 352 178 455 203 185 725 735 339 236 576 610 286 253 276 608 272 282 273 698 590 262 579 373 352 597 315 328 320 320 467 331 631 339 490 549 375 389 412 432 537 448 451 516 473 482 655 651 692 501 517 772 532 712 536 717 545 564 719 684 680 743 644 732 604 677 768 745 652 624 763 695 651 679 701 718 661 828 730 710 725 710 833 730 835 824 761 753 766 790 875 797 796 883 862 864 850 924 850 838 890 838 864 934 903 884 853 916 926 907 924 946 929 940 918 993
768 530 416 423 274 453 261 392 167 167 242 142 278 223 193 350 173 47 192 622 57 29 255 96 225 99 67 0 23 130 106 121 33 89 118 460 59 107 81 98 109 123 102 117 40 112 92 112 124 133 86 113 113 117 126 110 49 104 430 67 101 431 550 73 666 102 112 92 114 94 273 166 126 150 190 238 131 190 154 291 157 390 175 176 659 669 282 204 511 545 243 229 244 544 244 253 251 634 527 260 517 326 314 537 296 305 306 307 416 328 571 336 441 497 370 380 403 411 494 447 445 483 483 493 606 602 641 506 508 719 516 663 532 669 536 550 674 645 643 699 614 689 597 644 724 704 628 614 721 663 633 652 670 685 646 784 699 691 704 702 794 713 797 787 738 741 747 769 840 779 781 849 832 834 823 887 826 818 859 820 841 900 874 859 837 886 897 884 899 918 904 915 899 962
787 540 419 437 265 474 276 413 156 155 263 125 301 245 171 373 195 66 169 645 78 19 278 119 249 122 43 23 0 107 83 97 55 67 95 483 38 84 60 75 87 101 81 95 36 90 71 90 102 110 67 92 91 96 104 89 56 84 454 81 84 454 573 73 689 88 96 84 132 98 295 186 113 165 209 258 132 207 156 311 159 412 180 173 682 692 300 211 533 567 255 233 251 565 250 259 254 656 548 256 537 340 324 556 299 309 307 307 432 325 590 333 456 513 367 379 402 414 506 444 443 491 476 485 621 617 656 500 508 735 518 678 530 684 536 551 687 656 653 712 622 702 596 653 737 716 633 614 733 671 636 658 678 693 648 797 707 694 708 701 805 716 808 797 743 742 750 773 849 782 783 858 840 841 829 897 831 821 867 823 846 909 881 865 839 894 904 889 904 925 910 920 903 970
878 603 455 518 256 573 360 515 158 153 364 103 406 350 97 480 300 170 72 752 184 111 385 226 356 229 65 130 107 0 23 9 160 44 19 590 77 31 56 40 34 27 42 31 116 37 54 40 33 32 64 41 42 41 37 49 140 55 559 171 74 559 678 135 795 93 86 115 221 158 395 279 103 249 299 352 172 292 198 403 199 509 226 193 783 793 384 261 630 664 318 270 299 660 290 301 287 752 641 255 629 408 378 646 323 339 323 323 505 323 677 330 526 587 367 384 408 439 565 434 443 534 449 456 688 683 727 482 510 810 531 744 525 749 537 561 746 706 701 771 657 757 594 692 795 769 658 616 787 709 652 689 713 733 658 855 743 711 727 699 853 729 855 842 765 747 766 793 893 796 792 897 873 875 859 941 855 839 903 838 868 949 912 890 848 927 936 911 929 954 933 945 918 1004
859 591 449 501 258 552 342 494 155 151 343 103 383 327 112 456 277 147 94 729 161 89 362 202 332 206 43 106 83 23 0 14 136 21 15 566 53 16 33 20 22 26 26 25 93 27 35 29 31 36 44 32 32 33 36 37 117 41 535 148 59 535 654 114 771 77 73 96 198 138 371 256 92 227 276 329 155 270 182 381 183 486 209 180 759 769 362 244 607 641 299 256 283 638 275 286 273 729 618 248 607 389 361 624 311 327 313 313 485 317 656 324 507 568 361 377 401 428 548 431 437 520 449 457 670 665 708 480 504 790 523 726 520 731 532 553 729 691 686 754 644 741 589 679 779 753 648 610 771 696 643 677 701 719 651 839 730 702 718 695 839 722 840 828 755 741 758 784 879 789 786 884 862 863 848 927 845 831 891 830 859 936 901 880 842 915 924 902 919 943 924 935 910 992
871 599 453 512 257 565 353 507 157 153 356 103 397 341 103 471 291 161 81 743 175 102 376 217 347 220 57 121 97 9 14 0 150 34 12 580 67 23 47 31 27 23 34 25 107 30 46 33 29 31 55 35 36 35 34 42 130 48 549 162 67 549 669 126 785 85 80 107 212 150 385 270 97 240 290 343 165 283 191 394 192 499 218 187 774 783 375 253 621 655 310 264 292 651 283 295 281 743 632 251 620 400 370 637 318 333 318 318 496 319 668 327 518 579 364 380 404 434 558 432 439 528 448 456 681 675 719 480 507 802 527 736 522 741 534 557 739 700 694 764 651 750 591 686 788 762 653 613 780 703 648 683 707 727 654 848 737 707 723 697 847 725 848 836 760 744 762 788 887 792 789 891 868 869 854 935 850 835 897 834 863 943 907 886 845 922 930 906 924 949 929 940 914 999
755 531 429 417 300 436 257 372 196 196 225 174 255 201 226 324 153 46 224 593 46 62 226 69 197 72 99 33 55 160 136 150 0 117 146 429 85 134 107 124 136 150 128 144 51 138 116 137 150 158 109 138 137 142 151 133 43 127 399 44 119 399 518 70 635 115 127 98 84 84 240 134 137 121 158 205 123 159 141 258 145 357 160 170 626 636 251 185 478 512 218 212 224 511 226 234 235 601 494 255 484 298 290 504 282 289 294 295 386 321 538 329 411 467 361 369 392 393 467 440 435 460 481 490 577 573 610 500 496 688 501 634 522 640 524 536 646 619 617 671 593 662 585 621 696 677 608 602 694 640 616 631 648 661 631 756 676 674 685 690 768 696 771 762 719 726 730 750 815 762 765 826 810 811 801 862 806 799 836 802 822 876 851 839 821 864 875 864 878 896 884 895 881 939
850 589 453 495 269 540 335 480 163 160 330 114 368 312 131 440 262 133 115 710 146 76 344 185 314 188 34 89 67 44 21 34 117 0 28 547 33 17 12 9 21 34 17 29 72 25 18 26 36 44 25 28 28 32 38 29 96 29 515 127 44 515 635 93 751 60 59 77 177 117 351 235 78 206 255 308 136 249 163 359 164 465 190 164 739 749 341 224 586 620 279 237 263 616 256 268 256 708 597 235 585 368 341 602 295 310 298 298 464 304 634 312 486 547 349 364 387 412 528 420 425 502 442 451 650 645 688 472 492 770 509 705 509 711 519 540 710 672 667 735 627 722 577 661 759 734 632 598 752 679 629 661 684 702 637 819 713 688 703 683 820 707 822 810 740 729 744 769 861 774 772 867 845 846 832 909 830 816 874 816 843 919 884 865 829 899 908 887 904 927 908 919 896 976
874 606 463 517 269 566 357 507 168 164 357 115 396 340 115 469 290 160 91 739 174 102 373 214 343 217 58 118 95 19 15 12 146 28 0 576 61 13 39 22 15 11 23 13 100 18 36 21 17 21 45 23 24 22 22 30 123 36 544 154 55 544 663 117 780 73 67 95 204 140 379 262 84 231 281 335 153 274 179 386 180 492 206 174 767 776 365 242 613 647 299 251 280 643 271 282 268 735 623 239 611 389 358 627 305 321 305 305 486 307 659 314 507 568 351 368 391 421 546 419 427 515 436 444 669 664 708 468 494 791 514 725 510 729 522 544 727 687 682 752 638 738 578 673 776 749 640 600 768 691 635 671 695 714 642 836 724 694 710 684 834 713 836 823 748 732 749 776 874 780 776 879 855 857 841 922 837 822 885 821 851 931 894 873 832 909 918 894 912 936 916 927 901 986
534 562 611 416 639 266 386 226 572 576 288 580 222 272 645 152 314 428 652 170 413 484 209 365 236 362 527 460 483 590 566 580 429 547 576 0 514 563 536 553 564 578 556 572 476 566 543 564 577 586 535 565 564 568 577 559 455 552 45 426 540 56 97 471 208 529 541 504 385 461 216 332 543 375 326 276 479 343 471 252 474 172 459 511 232 245 301 444 178 189 397 474 446 216 467 462 486 259 228 565 234 366 427 266 516 502 542 543 349 596 301 602 367 364 611 601 612 556 449 679 652 519 753 763 457 459 457 744 681 487 650 501 721 512 702 686 549 573 586 564 627 575 757 627 586 600 676 756 607 645 717 671 663 653 748 634 678 757 753 834 690 783 699 703 767 836 801 802 750 833 853 780 791 791 801 787 832 849 801 861 851 816 833 849 901 836 854 885 885 879 893 901 927 894
826 575 448 475 278 512 314 451 169 167 301 127 337 282 158 408 233 105 146 678 116 53 311 153 282 156 33 59 38 77 53 67 85 33 61 514 0 49 22 39 51 65 43 59 39 53 32 52 65 74 28 54 53 58 66 51 64 45 482 95 47 482 601 66 718 55 60 60 145 91 318 203 79 175 224 276 117 218 143 328 145 432 169 152 706 716 311 203 554 588 254 220 243 584 238 249 240 676 566 230 554 342 319 572 282 295 287 287 437 300 604 308 460 520 343 357 380 399 505 417 419 483 445 454 624 619 661 472 485 742 499 680 505 686 513 531 687 651 647 711 611 700 572 643 736 712 618 592 730 662 618 646 667 684 628 796 696 677 692 678 800 697 802 791 728 721 733 757 842 764 763 849 829 830 817 890 817 805 857 805 831 901 869 851 820 883 893 874 890 912 895 906 885 960
867 603 464 511 274 557 351 498 171 167 347 119 385 330 126 457 280 150 104 727 163 93 361 202 331 205 51 107 84 31 16 23 134 17 13 563 49 0 26 9 5 16 10 11 87 10 22 12 19 26 32 15 16 17 22 20 110 24 531 141 44 531 650 104 767 62 57 83 190 126 365 249 75 217 268 321 141 261 167 372 168 478 195 164 754 763 352 230 600 634 286 240 268 629 260 271 258 721 610 231 598 376 347 614 295 311 296 296 473 300 646 307 494 555 344 360 384 412 534 414 420 505 433 441 657 652 695 464 487 778 506 712 504 717 515 537 715 676 671 740 628 727 572 663 764 738 631 594 756 680 627 661 685 704 634 824 714 686 702 678 823 705 825 812 739 725 741 767 863 772 769 868 846 847 832 912 829 814 875 813 842 921 885 864 825 899 908 885 903 927 907 918 893 976
846 590 457 493 278 534 332 474 171 168 323 124 360 304 144 431 255 126 127 700 138 72 334 176 304 179 36 81 60 56 33 47 107 12 39 536 22 26 0 17 28 42 21 36 60 30 12 30 42 51 15 32 31 36 44 30 84 26 504 115 36 504 623 80 740 50 51 65 165 104 339 223 71 193 243 296 124 236 151 347 152 453 178 153 727 737 328 212 574 608 266 226 251 604 245 256 245 696 585 227 573 356 329 590 285 299 288 288 452 296 622 304 474 534 340 355 379 402 516 413 417 490 437 445 637 632 675 465 483 757 499 693 501 698 511 531 697 660 656 722 616 710 569 650 747 722 622 590 740 668 619 650 673 691 628 807 702 678 693 675 808 698 810 798 730 720 734 759 850 765 763 856 834 835 821 898 820 806 863 806 833 908 874 854 819 888 897 876 893 916 898 909 886 965
859 599 461 505 275 549 344 489 170 167 339 120 376 321 132 448 271 142 113 718 154 85 351 193 322 196 44 98 75 40 20 31 124 9 22 553 39 9 17 0 11 25 7 19 77 15 14 16 26 35 24 18 18 22 29 20 100 21 522 132 39 521 641 95 757 56 53 76 181 118 356 239 72 208 259 312 134 252 161 363 162 469 188 160 744 754 343 223 590 624 279 235 262 620 254 265 253 712 601 229 589 369 340 605 291 306 293 293 465 298 637 306 487 547 342 358 382 408 527 413 419 499 434 442 650 644 688 464 485 770 503 705 502 710 513 534 709 670 665 733 624 720 571 658 758 732 628 592 750 676 624 657 680 699 632 818 710 683 698 677 818 702 819 807 735 723 738 764 858 769 766 864 841 843 828 906 825 811 870 811 839 916 881 860 823 895 904 882 899 923 904 915 890 972
871 608 469 516 280 561 356 501 176 172 350 125 388 332 130 459 283 153 107 729 166 97 362 204 333 207 55 109 87 34 22 27 136 21 15 564 51 5 28 11 0 14 8 8 88 5 21 7 15 23 31 10 10 12 17 15 110 21 532 141 40 531 651 102 768 58 53 80 190 124 365 248 71 216 267 320 138 259 164 371 164 478 191 160 753 763 350 226 599 633 284 236 264 628 256 267 254 721 609 226 597 374 343 613 291 306 292 291 470 295 644 302 491 553 339 355 379 407 531 408 415 501 428 436 654 649 693 459 482 776 501 709 498 714 510 532 712 672 667 737 624 723 567 659 761 734 627 588 753 676 622 657 680 700 629 821 710 681 697 673 820 700 821 808 734 720 737 762 859 767 764 864 841 843 827 908 824 809 870 808 837 916 880 859 820 895 904 880 898 922 902 914 888 972
883 617 475 527 281 574 367 514 179 175 364 126 402 346 124 473 296 167 97 743 180 110 377 218 347 221 66 123 101 27 26 23 150 34 11 578 65 16 42 25 14 0 22 6 102 13 35 15 6 10 44 16 17 14 10 23 124 30 546 155 49 545 665 115 782 67 60 91 203 136 379 261 76 229 280 334 147 272 173 384 173 491 200 166 767 777 363 235 612 646 294 244 273 641 263 275 260 734 621 228 609 384 352 625 296 312 296 295 481 296 656 303 502 563 340 357 381 412 539 408 416 507 425 433 663 658 703 457 484 786 504 719 499 723 511 534 720 680 674 745 629 731 567 665 769 742 631 589 760 682 625 661 686 706 631 829 716 684 700 673 827 702 828 815 738 721 739 766 866 769 766 870 846 848 832 914 828 812 876 811 841 922 885 863 822 900 908 884 902 927 906 917 891 977
866 606 469 512 283 555 351 495 178 175 344 128 381 326 137 452 276 147 115 721 159 92 355 197 325 200 52 102 81 42 26 34 128 17 23 556 43 10 21 7 8 22 0 15 80 9 13 9 21 30 22 11 11 15 23 12 102 14 524 133 33 523 643 94 759 51 47 72 181 116 357 240 66 208 258 312 130 251 157 363 157 469 184 154 745 755 342 219 591 624 276 230 257 620 249 261 247 712 600 222 588 366 336 604 285 301 287 286 462 291 636 298 484 545 335 351 375 402 523 406 411 494 426 435 646 641 685 456 478 768 497 702 495 707 506 527 705 666 660 729 618 716 564 653 754 728 621 585 746 670 617 651 674 693 625 814 704 676 692 669 813 695 815 802 729 716 732 758 853 762 760 858 835 837 822 901 819 804 864 804 832 910 875 854 816 889 898 875 893 917 897 909 884 966
879 615 474 523 282 569 363 509 180 176 358 127 396 340 128 467 291 161 102 736 174 105 370 212 341 215 62 117 95 31 25 25 144 29 13 572 59 11 36 19 8 6 15 0 95 6 29 9 7 15 38 10 11 9 11 18 117 24 540 148 44 539 659 109 775 62 55 85 197 130 373 255 72 222 273 327 142 265 167 378 168 485 195 161 760 770 356 230 606 640 288 239 268 635 258 270 256 727 615 226 603 378 347 619 292 308 292 292 475 294 650 301 496 558 338 354 378 408 534 407 414 503 424 432 658 653 697 456 481 780 501 713 497 718 509 531 715 675 669 740 625 726 565 660 764 737 627 587 755 678 622 658 682 701 629 824 712 681 697 671 822 700 823 810 735 719 736 763 861 767 763 866 842 844 828 910 824 809 872 808 838 918 881 860 819 896 905 881 899 923 903 914 888 973
805 570 454 462 301 487 301 424 192 191 276 158 306 253 196 375 205 85 186 641 92 56 276 121 246 123 66 40 36 116 93 107 51 72 100 476 39 87 60 77 88 102 80 95 0 89 66 87 101 109 59 88 88 92 101 83 24 76 444 55 68 443 563 36 679 64 75 52 106 61 278 163 88 137 184 236 95 180 120 288 122 393 143 138 666 676 273 175 514 548 221 196 215 545 213 223 217 636 526 221 515 308 289 532 262 272 270 271 401 290 565 298 424 483 332 343 366 378 473 409 407 456 444 453 589 585 625 466 471 706 481 646 494 652 500 515 654 621 618 679 585 668 560 617 704 681 596 578 699 635 599 622 642 657 611 764 670 658 671 665 770 679 773 762 706 705 714 736 814 745 746 822 804 805 793 862 795 785 831 786 809 874 844 828 803 857 868 852 868 888 873 884 866 934
875 614 475 521 285 564 360 504 182 178 354 130 391 335 134 462 286 157 109 730 169 101 365 207 335 210 60 112 90 37 27 30 138 25 18 566 53 10 30 15 5 13 9 6 89 0 22 2 11 20 31 5 5 6 13 11 111 18 533 141 37 532 652 102 769 55 49 78 190 123 366 248 66 215 266 320 135 258 161 371 161 478 188 156 754 763 349 223 599 633 281 233 261 628 252 264 250 720 608 222 596 371 340 612 287 303 287 287 468 290 643 297 489 551 334 350 374 403 528 403 410 497 422 430 651 646 690 453 477 773 497 707 493 711 505 527 709 669 663 734 620 720 562 655 758 731 622 583 749 672 617 652 676 696 624 818 706 676 692 668 816 695 818 805 730 715 732 758 856 762 759 860 837 839 823 904 820 804 866 804 833 913 876 855 815 891 899 876 894 918 898 909 884 968
858 602 469 505 287 545 345 484 181 178 334 132 369 315 147 440 265 137 127 708 149 84 342 185 313 188 48 92 71 54 35 46 116 18 36 543 32 22 12 14 21 35 13 29 66 22 0 20 34 42 9 22 21 26 34 18 88 13 511 119 25 510 630 81 746 42 41 61 168 103 344 226 60 194 245 299 120 238 146 349 147 456 173 146 732 741 329 208 577 611 264 220 247 607 239 251 238 699 587 217 575 354 325 591 277 292 280 280 450 286 623 294 472 533 330 346 369 394 512 402 407 485 425 434 635 630 673 454 473 755 491 690 491 695 501 522 694 655 650 718 609 706 559 644 743 717 614 580 735 661 611 643 666 684 619 803 696 670 685 665 803 689 805 793 722 710 726 751 844 756 754 849 827 829 814 892 812 798 856 798 825 901 867 847 810 881 890 868 886 909 890 901 878 958
875 615 476 521 287 564 361 504 184 180 353 132 390 335 137 461 285 156 111 729 169 101 363 206 333 208 60 112 90 40 29 33 137 26 21 564 52 12 30 16 7 15 9 9 87 2 20 0 13 21 29 2 3 6 14 9 109 15 531 139 34 531 650 99 767 53 46 75 188 121 364 246 64 213 264 318 132 256 158 368 159 476 186 153 752 761 347 221 597 631 279 230 259 626 250 261 247 718 606 219 594 369 337 609 284 300 285 284 465 287 640 295 487 548 332 348 371 400 525 401 408 494 420 428 649 643 688 451 475 771 494 704 491 709 502 524 706 666 661 731 617 717 559 652 755 728 620 581 747 670 615 650 674 693 622 815 703 674 690 665 813 693 815 802 727 712 729 755 853 760 756 857 834 836 820 901 817 802 864 801 830 910 873 852 813 888 897 873 891 915 895 907 881 965
886 622 481 530 287 576 370 516 186 182 365 133 403 347 130 474 298 168 102 742 181 112 376 219 347 221 70 124 102 33 31 29 150 36 17 577 65 19 42 26 15 6 21 7 101 11 34 13 0 8 42 12 13 9 4 19 122 27 545 153 45 544 664 112 780 63 54 87 201 133 377 259 70 225 277 331 142 268 168 381 168 488 195 160 765 774 359 230 609 643 289 238 267 638 258 269 254 731 618 222 606 379 346 621 290 306 289 289 476 290 652 297 497 559 334 351 374 405 534 402 410 501 418 427 658 653 698 451 477 781 498 713 492 718 504 527 715 674 668 740 623 726 561 659 764 736 625 583 755 676 618 655 680 699 625 823 710 677 694 667 821 696 822 809 732 714 733 759 860 763 759 864 840 842 826 908 821 806 870 805 834 916 879 857 815 894 902 877 896 920 900 911 884 971
894 627 484 537 288 584 377 524 188 184 374 135 411 356 127 482 306 177 97 751 189 120 385 227 355 230 77 133 110 32 36 31 158 44 21 586 74 26 51 35 23 10 30 15 109 20 42 21 8 0 51 21 22 17 9 27 131 35 553 161 52 552 672 120 789 69 60 94 209 140 385 267 74 233 285 339 148 276 173 389 173 496 201 164 773 782 366 236 617 651 295 243 273 646 262 274 259 739 626 223 614 386 352 629 293 310 292 291 482 290 660 298 503 565 335 352 376 408 539 402 410 505 417 425 664 659 704 450 478 787 499 719 492 724 505 529 720 678 672 745 626 730 561 662 769 741 627 583 759 679 620 658 683 703 626 828 713 679 696 667 825 697 826 813 734 715 734 761 863 764 760 867 843 844 828 912 823 807 873 806 836 920 882 859 816 897 905 879 898 923 902 913 886 974
854 602 471 504 293 540 342 479 186 183 329 139 363 309 156 433 260 133 137 700 144 81 335 178 305 181 51 86 67 64 44 55 109 25 45 535 28 32 15 24 31 44 22 38 59 31 9 29 42 51 0 30 29 33 42 24 79 17 502 110 21 501 621 71 738 35 36 51 159 94 335 217 55 185 236 289 111 228 137 340 138 447 164 138 722 732 320 199 568 602 255 212 238 597 231 242 230 689 577 212 565 344 316 582 270 284 273 273 441 281 613 289 462 523 325 340 363 387 503 397 401 476 422 431 625 620 664 450 468 746 484 681 486 686 496 515 685 647 642 709 602 697 554 635 734 708 607 574 726 653 604 635 658 676 613 794 688 663 678 660 795 683 796 784 715 704 719 744 835 750 748 841 819 821 806 884 805 791 848 791 818 893 859 839 804 873 882 861 878 902 883 894 871 950
878 617 479 524 290 566 363 506 186 183 355 135 391 336 138 462 287 158 113 730 171 103 365 207 335 210 63 113 92 41 32 35 138 28 23 565 54 15 32 18 10 16 11 10 88 5 22 2 12 21 30 0 1 3 12 7 109 14 532 140 33 531 651 99 768 51 44 75 188 120 364 246 61 213 264 318 131 256 157 368 157 476 184 151 752 761 346 219 597 631 277 228 257 626 248 259 245 718 606 216 593 368 336 609 282 298 282 282 464 285 640 292 485 547 329 345 369 398 523 398 405 492 417 426 647 642 686 448 472 770 492 703 488 707 500 522 704 664 659 729 615 716 557 650 754 727 617 578 745 668 612 648 671 691 619 813 701 671 687 663 811 690 813 800 725 710 727 753 851 757 754 855 832 834 818 899 815 799 862 799 828 908 871 850 810 886 895 871 889 913 893 904 878 963
